L=3
0
0
0
3
18
45
63
36
9
1
L=4
0
0
0
0
4
48
280
1008
2558
4480
5088
3664
1744
560
120
16
1
L=5
0
0
0
0
0
5
100
1000
6500
30325
107695
302025
678075
1209075
1679925
1788325
1452900
910225
446200
172775
52875
12650
2300
300
25
1
L=6
0
0
0
0
0
0
6
180
2718
27168
199890
1144080
5272815
20053044
64093734
174423972
407227626
817247448
1405459970
2057701284
2544935787
2642176080
2296774800
1675080864
1030713909
538655832
240349572
91791040
29973096
8325216
1946946
376992
58905
7140
630
36
1
L=7
0
0
0
0
0
0
0
7
294
6223
87808
922278
7642285
51768451
293649244
1419439987
5926389427
21604674182
69378727306
197664602324
502400259921
1143528086141
2335631654125
4281835100249
7035789078143
10333807771791
13518064935466
15690524478132
16107865342996
14597523569279
11675629333340
8255259421479
5174781463334
2885730716008
1436107705284
639230996313
254737556752
90841241267
28927916605
8194199440
2052499456
450872961
85897833
13983816
1906884
211876
18424
1176
49
1
L=8
0
0
0
0
0
0
0
0
8
448
12640
238400
3364912
37741312
349032416
2728577728
18357998732
107754993408
557722418624
2567639937984
10590427951056
39373333807936
132637518727232
406684216151296
1139325298636440
2925816029903168
6905578178997760
15009833425856704
30085155454185312
55642074532743552
94950452880001440
149385664467045824
216399409835487790
288107583231492928
351804490322091680
393165712845095872
401380183846500752
373796353558398656
317332248836342432
245613671625070208
173482324142761896
111994793673916864
66207045455935392
35909495890140736
17899361944422592
8209446306466432
3466631515437184
1347720564386944
482015917226944
158356430387840
47678184686848
13114134195904
3281841782960
743401624512
151461537504
27540125376
4426156512
621216192
74974368
7624512
635376
41664
2016
64
1
L=9
0
0
0
0
0
0
0
0
0
9
648
23490
569808
10370916
150584103
1811634471
18527439096
164068996041
1275727650129
8805519602388
54430865421660
303519731713650
1536149970072783
7093296963944667
30018162132692937
116881456354730433
420176667826717650
1398848831944366593
4324571004113689698
12445151110023597336
33409945187144471916
83828462857418254797
196905895747547043582
433586726504706228543
896032578345550083648
1739232847084682957103
3172497174331894711143
5439265224684161531661
8764372890081277256241
13266379447007041021500
18850247862693726782790
25118120789627895715329
31350987453516612316272
36605698307708724259092
39931166265121462336596
40645652643352797829164
38567129158888890254046
34089262043153364076572
28059364594324480864203
21510147083299263355725
15365113064945859891609
10235849494018421082483
6366156170710095584046
3700917519809631915042
2013356604944363471757
1026004573277916774615
490154889010368138192
219626806030429617432
92315817211216216860
36393607663190901747
13449137410773338364
4654622616407417223
1506710062195526241
455400349264727397
128250858132148914
33568039329258258
8141059257482862
1823004346215285
375360573933189
70722934784514
12124105755570
1878390500499
260887806099
32164253550
3477216600
324540216
25621596
1663740
85320
3240
81
1
L=10
0
0
0
0
0
0
0
0
0
0
10
900
40750
1235000
28119300
511865780
7742674500
99901779900
1120449987450
11079759327600
97684170545995
774764611824200
5569000779379200
36504078248832100
219360370722032500
1213970558055192520
6211794584514998250
29491822806367769100
130318002962091672650
537429787621295934900
2073601771850174359190
7502056135340398222900
25501118802574095944300
81593211633973625601900
246141712668377077827600
701147433208634502954180
1888532984292365419047525
4815868350246761226761300
11639949535561311632118200
26692826707787307992944800
58129148482611862205481325
120305367027943316903270800
236781374457900872823954150
443406624146178807409668900
790326629279083416840233175
1341072003365555542463152420
2166509368943586849249483350
3331832359846924694919053800
4876411829525546472388488025
6789301252425767726968623400
8986860654788891677286351382
11301781445174396125920901200
13492706100454181251551120525
15279085156351678939011255700
16397188068486666738361361450
16663219700955141111830972280
16023169976582834453741987675
14570715385148626184298059100
12525025173456375173614856250
10175536279866155745297394200
7813265837342481246279522235
5671764226373755952101513400
3894170550836887101732163100
2530419952379744393598668100
1557274240505952145951753150
908372768703247164632649800
502588617861996345619780450
263938014954712206220213300
131635418065787870797123225
62373716434647945404025300
28086104758594647188799270
12018934438376622239568800
4887262864114090335676650
1887759999061917577351500
692276684643257618763950
240851197174563797606304
79423969139410877356475
24796908676785859193500
7319917483088304444650
2039875971903574695000
535695877935456014345
132303853105974693700
30660115023066353800
6649685367556732500
1345820916618585050
253335501394924760
44186759841928250
7110533603400400
1050420730284300
141629797020400
17310309366910
1902231808400
186087894300
16007560800
1192052400
75287520
3921225
161700
4950
100
L=11
0
0
0
0
0
0
0
0
0
0
0
11
1210
66913
2476628
68907685
1534666111
28451075092
450892133549
6226876918152
76029416000032
830087637300603
8178077702494436
73251604583112626
600274527650151464
4524525578564144175
31513084975821955836
203634417152574343870
1225155785206005679180
6884527834570692789593
36233939665226898738528
179063161143358904412803
832778513729501725140821
3652376790339450613063965
15133992652255040579447080
59347338563988543018025944
220594095507621677809054351
778306936118198838793074413
2610010204105980636208400680
8329008961322177834938508870
25321524970012647097646169696
73414386208397899204935470262
203181231447827637447047345268
537258020641316294403808258138
1358427401596661311621777009752
3286808858598326121230665733810
7615548312649365016596793121018
16908116304082374754691650189243
35992293543151009675368562591017
73497194184623591846433264085296
144038436051154300929616203683328
271021189666483583123191992296073
489762751268678417894751275024257
850225343353439184249452662914850
1418149309640105955409384145504862
2272935522549917255063214545988514
3500494264155698381006518763992939
5179761252171928693087101223659281
7362921006135452505597993804840003
10051573867980117037510693971772890
13173723148844860483382735641993333
16568658261532534698940261318190020
19987381956413525055910049575196053
23114135828395870604884499109055182
25609548746742143736930124171678826
27168977400720886192372355610683045
27583033691520265528497918770886458
26783985540104423699153741478705212
24863820282728845818261982373330880
22057362167382870891236247957723318
18694485385881682123581974363071232
15135026169604394197750472336699559
11704586025756658311958172191327100
8647363495871425631967445585693695
6104807607098048310042263961039377
4119775481078509957534803875007062
2658750006220617910762198819290641
1641711298857705688463799641158433
970408748390871862248458753982478
549378484845598947819972962049021
298025214073394679762504879400828
154981158859138230437492442058268
77285148016287530449331012760707
36966787220537483285004733110824
16962490190617718964733438302105
7467019306574482668361745616560
3153222244004042917086325923945
1277124151528453721688901629759
495970739535620593772181915173
184607068608794521515016451601
65824398272393576312312621960
22469892314692919055431480646
7337905120859741876281676502
2290517533169845296299480025
682763230942017201296653564
194140377053583779949182536
52595995130381941803467364
13558351718303070318558545
3320819903087895377714941
771560376199193489905975
169750506256039169218813
35295493327327206902467
6920771499086782498777
1276655170099286124653
220960199433165725445
35774554330273246730
5399935470585581189
757000434875296392
98129691289576980
11703541316503333
1276749964744353
126524771308936
11296854581155
899749479915
63140314380
3843323484
198792594
8495410
287980
7260
121
1
L=12
0
0
0
0
0
0
0
0
0
0
0
0
12
1584
105048
4661808
155553588
4157526096
92595011568
1765357864128
29378009858472
433050633478944
5719645125919512
68315644477382976
743505969922451646
7420260654730717200
68276280047196594960
581913570212638354848
4612618878997689818748
34126207024195348517952
236404390032379523154960
1537725531695520434038848
9415899461133978775069050
54400317007963079700389376
297167999496829274673980712
1537755501652785554182124112
7551095423611274003247159436
35241974748454164825697777584
156557084412930207859616038128
662876213945259457111065053328
2678427776287624414883444605314
10339888211106242636442444170256
38177253179322452372238199511112
134951686739969154194504360862288
457129211780269286123022746226324
1485121044386914504501806297187632
4631241983478029555781126683748168
13873107407149600064633141533939248
39948252658325305676033187681872835
110651547772779944752205184280704192
295000624945982657156351926271422536
757438781174167547396558589390844416
1873997688118454118393957007082805708
4470029128838925896328327045736208880
10284425653247883819413305532513964520
22833518630490617521623552480872837952
48940656823232689905086345164037468790
101306723825484604288063991981149275984
202596418446893173010433251593196805960
391552027430089995823705102151787798432
731536049343347531768956224585448775964
1321536581531636520482328084416838224928
2308936097964344016067868122209438085296
3902189249985754290852761326665845104464
6380050138733704716980726331394860224670
10092411866327537151943050359379994304256
15446701053794694709070554350938993360736
22873852353603831696885916437766663408704
32769965464938692629088754637437794169588
45414349965016994357126758181141661696288
60871658974282365189278662916482519991736
78894054393661849355791404853934346516864
98846574679259953958328622291822098737234
119682076842565482118473598400048292370992
139988427095182199748458085760464354361824
158118574223302514067659358284469781168080
172394956267449858140183801331030420026256
181357727640756747749044068541678721754768
184008334528685599642260468826788949890552
179993096764753181010107961726160662978288
169680154550809292844436305426684145007727
154106814980024538368472232304135231720416
134806648496055180189479045073775753623864
113556410484791327449838306247822527959344
92101757707282980962326168565304751453920
71921760355946159728387209823519591079184
54076044371167577547954007891124054673024
39151883508492556144148074246095224022528
27301498053121590871353978600850498733700
18340741368366013839935994864839994875616
11873430362335073929225733761661347994904
7409891671454266301275396107925563997920
4459427899103807412973639504401924338616
2589012139804517762882898273441623877696
1450529673503387154283510161654477564360
784502915703405551057640590136544996656
409692991071741927325537941007963768185
206641653734913642912817522371052376640
100681007129238756491113203460926675000
47391019379641864657685071014029999728
21551818228725821304645390736200735720
9468975273795612916118559239026634064
4018981859471512131298893264829815048
1647619267991045510552460656472368784
652274459343469311322266781349363028
249294707267364703434843388097424960
91950337203768284013282638310530760
32716880849217866206549931274425616
11224372331916351174628724641654228
3710990940443254392039270313829136
1181664357709149879654981194554464
362147903089091547373474145215056
106745227887860156074915008629712
30236789358016276922460882944496
8223778552362324638401112528064
2145594235102549016867960446224
536441254924630317408342999108
128385646145920062334538362208
29377311510053258017504273800
6418696359285927556386413472
1337243645625809328889023954
265240131034374072962629056
50004465065567068898199096
8943904794443439900241968
1514694971364701507916264
242351302572275305979376
36545044830006648154848
5179613066007813400320
687917380631610666105
85323086794959462096
9844971579880387272
1052134367954285232
103619293823821920
9349109217266832
767464189477128
56849199220528
3762079360182
219683466288
11143364232
481008528
17178876
487344
10296
144
1