P337_BLACK_FRONTIER_V1
5 5 50
0 1 0
0
1 2 0
0 1
2 3 0
0 1 2
3 4 0
0 1 2 3
4 5 0
0 1 2 3 4
5 6 2
0 1 2 3 4 5
0 0 1
1 1 0
6 7 2
0 1 2 3 4 5 6
1 0 1
2 1 0
7 8 2
0 1 2 3 4 5 6 7
2 0 1
3 1 0
8 9 2
0 1 2 3 4 5 6 7 8
3 0 1
4 1 0
9 10 2
0 1 2 3 4 5 6 7 8 9
0 1 0
4 0 1
10 11 2
0 1 2 3 4 5 6 7 8 9 10
5 1 0
9 0 1
11 11 2
0 1 2 3 4 6 7 8 9 10 11
5 0 1
6 1 0
11 11 2
0 1 2 3 4 6 7 8 9 10 11
5 0 1
6 1 0
11 11 2
0 1 2 3 4 6 7 8 9 10 11
5 0 1
6 1 0
11 10 2
0 1 2 3 4 7 8 9 10 11
5 0 1
6 1 0
10 11 2
0 1 2 3 4 5 6 7 8 9 10
5 0 1
6 1 0
11 11 2
0 1 2 3 4 5 7 8 9 10 11
6 0 1
7 1 0
11 11 2
0 1 2 3 4 5 7 8 9 10 11
6 0 1
7 1 0
11 11 2
0 1 2 3 4 5 7 8 9 10 11
6 0 1
7 1 0
11 10 2
0 1 2 3 4 7 8 9 10 11
5 1 0
6 0 1
10 11 2
0 1 2 3 4 5 6 7 8 9 10
5 1 0
9 0 1
11 11 2
0 1 2 3 4 6 7 8 9 10 11
5 0 1
6 1 0
11 11 2
0 1 2 3 4 6 7 8 9 10 11
5 0 1
6 1 0
11 11 2
0 1 2 3 4 6 7 8 9 10 11
5 0 1
6 1 0
11 10 2
0 1 2 3 4 7 8 9 10 11
5 0 1
6 1 0
10 11 2
0 1 2 3 4 5 6 7 8 9 10
5 0 1
6 1 0
11 11 2
0 1 2 3 4 5 7 8 9 10 11
6 0 1
7 1 0
11 11 2
0 1 2 3 4 5 7 8 9 10 11
6 0 1
7 1 0
11 11 2
0 1 2 3 4 5 7 8 9 10 11
6 0 1
7 1 0
11 10 2
0 1 2 3 4 7 8 9 10 11
5 1 0
6 0 1
10 11 2
0 1 2 3 4 5 6 7 8 9 10
5 1 0
9 0 1
11 11 2
0 1 2 3 4 6 7 8 9 10 11
5 0 1
6 1 0
11 11 2
0 1 2 3 4 6 7 8 9 10 11
5 0 1
6 1 0
11 11 2
0 1 2 3 4 6 7 8 9 10 11
5 0 1
6 1 0
11 10 2
0 1 2 3 4 7 8 9 10 11
5 0 1
6 1 0
10 11 2
0 1 2 3 4 5 6 7 8 9 10
5 0 1
6 1 0
11 11 2
0 1 2 3 4 5 7 8 9 10 11
6 0 1
7 1 0
11 11 2
0 1 2 3 4 5 7 8 9 10 11
6 0 1
7 1 0
11 11 2
0 1 2 3 4 5 7 8 9 10 11
6 0 1
7 1 0
11 10 2
0 1 2 3 4 7 8 9 10 11
5 1 0
6 0 1
10 11 2
0 1 2 3 4 5 6 7 8 9 10
5 1 0
9 0 1
11 11 2
0 1 2 3 4 6 7 8 9 10 11
5 0 1
6 1 0
11 11 2
0 1 2 3 4 6 7 8 9 10 11
5 0 1
6 1 0
11 11 2
0 1 2 3 4 6 7 8 9 10 11
5 0 1
6 1 0
11 10 2
0 1 2 3 4 7 8 9 10 11
5 0 1
6 1 0
10 10 4
0 1 2 3 4 5 6 7 8 9
5 0 1
6 1 0
0 -1 0
1 0 -1
10 8 4
0 2 3 4 5 7 8 9
6 0 1
7 1 0
1 -1 0
2 0 -1
8 6 4
0 2 3 4 6 7
5 0 1
6 1 0
1 -1 0
2 0 -1
6 4 4
0 2 3 5
4 0 1
5 1 0
1 -1 0
2 0 -1
4 0 4

2 1 0
3 0 1
1 -1 0
0 0 -1
