P337_BLACK_FRONTIER_V1
1 7 50
0 1 0
0
1 2 1
0 1
0 1 0
2 3 1
0 1 2
1 1 0
3 4 1
0 1 2 3
2 1 0
4 5 1
0 1 2 3 4
3 1 0
5 6 1
0 1 2 3 4 5
4 1 0
6 7 1
0 1 2 3 4 5 6
5 1 0
7 8 2
0 1 2 3 4 5 6 7
0 0 1
6 1 0
8 9 2
0 1 2 3 4 5 6 7 8
1 0 1
7 1 0
9 10 2
0 1 2 3 4 5 6 7 8 9
2 0 1
8 1 0
10 11 2
0 1 2 3 4 5 6 7 8 9 10
3 0 1
9 1 0
11 12 2
0 1 2 3 4 5 6 7 8 9 10 11
4 0 1
10 1 0
12 13 2
0 1 2 3 4 5 6 7 8 9 10 11 12
5 0 1
11 1 0
13 14 2
0 1 2 3 4 5 6 7 8 9 10 11 12 13
6 0 1
12 1 0
14 14 2
0 1 2 3 4 5 6 8 9 10 11 12 13 14
7 0 1
13 1 0
14 14 2
0 1 2 3 4 5 6 8 9 10 11 12 13 14
7 0 1
13 1 0
14 14 2
0 1 2 3 4 5 6 8 9 10 11 12 13 14
7 0 1
13 1 0
14 14 2
0 1 2 3 4 5 6 8 9 10 11 12 13 14
7 0 1
13 1 0
14 14 2
0 1 2 3 4 5 6 8 9 10 11 12 13 14
7 0 1
13 1 0
14 14 2
0 1 2 3 4 5 6 8 9 10 11 12 13 14
7 0 1
13 1 0
14 14 2
0 1 2 3 4 5 6 8 9 10 11 12 13 14
7 0 1
13 1 0
14 14 2
0 1 2 3 4 5 6 8 9 10 11 12 13 14
7 0 1
13 1 0
14 14 2
0 1 2 3 4 5 6 8 9 10 11 12 13 14
7 0 1
13 1 0
14 14 2
0 1 2 3 4 5 6 8 9 10 11 12 13 14
7 0 1
13 1 0
14 14 2
0 1 2 3 4 5 6 8 9 10 11 12 13 14
7 0 1
13 1 0
14 14 2
0 1 2 3 4 5 6 8 9 10 11 12 13 14
7 0 1
13 1 0
14 14 2
0 1 2 3 4 5 6 8 9 10 11 12 13 14
7 0 1
13 1 0
14 14 2
0 1 2 3 4 5 6 8 9 10 11 12 13 14
7 0 1
13 1 0
14 14 2
0 1 2 3 4 5 6 8 9 10 11 12 13 14
7 0 1
13 1 0
14 14 2
0 1 2 3 4 5 6 8 9 10 11 12 13 14
7 0 1
13 1 0
14 14 2
0 1 2 3 4 5 6 8 9 10 11 12 13 14
7 0 1
13 1 0
14 14 2
0 1 2 3 4 5 6 8 9 10 11 12 13 14
7 0 1
13 1 0
14 14 2
0 1 2 3 4 5 6 8 9 10 11 12 13 14
7 0 1
13 1 0
14 14 2
0 1 2 3 4 5 6 8 9 10 11 12 13 14
7 0 1
13 1 0
14 14 2
0 1 2 3 4 5 6 8 9 10 11 12 13 14
7 0 1
13 1 0
14 14 2
0 1 2 3 4 5 6 8 9 10 11 12 13 14
7 0 1
13 1 0
14 14 2
0 1 2 3 4 5 6 8 9 10 11 12 13 14
7 0 1
13 1 0
14 14 2
0 1 2 3 4 5 6 8 9 10 11 12 13 14
7 0 1
13 1 0
14 14 2
0 1 2 3 4 5 6 8 9 10 11 12 13 14
7 0 1
13 1 0
14 14 2
0 1 2 3 4 5 6 8 9 10 11 12 13 14
7 0 1
13 1 0
14 14 2
0 1 2 3 4 5 6 8 9 10 11 12 13 14
7 0 1
13 1 0
14 14 2
0 1 2 3 4 5 6 8 9 10 11 12 13 14
7 0 1
13 1 0
14 14 2
0 1 2 3 4 5 6 8 9 10 11 12 13 14
7 0 1
13 1 0
14 14 3
0 1 2 3 4 5 6 8 9 10 11 12 13 14
7 0 1
13 1 0
0 0 -1
14 12 3
0 2 3 4 5 6 8 9 10 11 12 14
7 0 1
13 1 0
1 0 -1
12 10 3
0 2 3 4 5 7 8 9 10 12
6 0 1
11 1 0
1 0 -1
10 8 3
0 2 3 4 6 7 8 10
5 0 1
9 1 0
1 0 -1
8 6 3
0 2 3 5 6 8
4 0 1
7 1 0
1 0 -1
6 4 3
0 2 4 6
3 0 1
5 1 0
1 0 -1
4 0 4

2 0 1
3 1 0
0 -1 0
1 0 -1
