43042514269 108 583 34536807
1 6
1 27
1 140
1 162
1 251
1 274
1 296
1 409
6 91
6 129
6 159
6 200
6 241
6 269
6 286
6 355
6 356
6 358
6 398
27 91
27 129
27 159
27 200
27 241
27 269
27 286
27 355
27 356
27 358
27 398
47 50
47 94
47 207
47 363
50 159
50 315
91 140
91 162
91 251
91 274
91 296
91 409
94 159
94 315
129 140
129 162
129 251
129 274
129 296
129 409
140 159
140 200
140 241
140 269
140 286
140 355
140 356
140 358
140 398
159 162
159 207
159 251
159 274
159 296
159 363
159 409
162 200
162 241
162 269
162 286
162 355
162 356
162 358
162 398
200 251
200 274
200 296
200 409
207 315
241 251
241 274
241 296
241 409
251 269
251 286
251 355
251 356
251 358
251 398
269 274
269 296
269 409
274 286
274 355
274 356
274 358
274 398
286 296
286 409
296 355
296 356
296 358
296 398
315 363
355 409
356 409
358 409
398 409
1 25 73
1 25 185
1 25 342
1 26 73
1 26 185
1 26 342
1 50 317
1 50 318
1 71 73
1 71 185
1 71 342
1 72 73
1 73 181
1 73 230
1 73 338
1 93 94
1 94 317
1 117 118
1 118 386
1 181 185
1 181 342
1 185 338
1 207 317
1 230 231
1 317 363
1 318 319
1 338 342
6 17 19
6 17 224
6 17 380
6 19 64
6 19 174
6 19 222
6 19 331
6 38 85
6 38 354
6 39 85
6 39 354
6 47 317
6 64 224
6 64 380
6 83 85
6 83 354
6 85 194
6 85 197
6 85 350
6 93 360
6 111 112
6 174 224
6 174 380
6 194 354
6 197 354
6 222 224
6 222 380
6 224 331
6 249 360
6 315 317
6 331 380
6 350 354
17 19 27
17 19 140
17 19 162
17 19 251
17 19 274
17 19 296
17 19 409
17 27 224
17 27 380
17 140 224
17 140 380
17 162 224
17 162 380
17 224 251
17 224 274
17 224 296
17 224 409
17 251 380
17 274 380
17 296 380
17 380 409
19 27 64
19 27 174
19 27 222
19 27 331
19 64 140
19 64 162
19 64 251
19 64 274
19 64 296
19 64 409
19 140 174
19 140 222
19 140 331
19 162 174
19 162 222
19 162 331
19 174 251
19 174 274
19 174 296
19 174 409
19 222 251
19 222 274
19 222 296
19 222 409
19 251 331
19 274 331
19 296 331
19 331 409
25 73 91
25 73 129
25 73 159
25 73 200
25 73 241
25 73 269
25 73 286
25 73 355
25 73 356
25 73 358
25 73 398
25 91 185
25 91 342
25 129 185
25 129 342
25 159 185
25 159 342
25 185 200
25 185 241
25 185 269
25 185 286
25 185 355
25 185 356
25 185 358
25 185 398
25 200 342
25 241 342
25 269 342
25 286 342
25 342 355
25 342 356
25 342 358
25 342 398
26 73 91
26 73 129
26 73 159
26 73 200
26 73 241
26 73 269
26 73 286
26 73 355
26 73 356
26 73 358
26 73 398
26 91 185
26 91 342
26 129 185
26 129 342
26 159 185
26 159 342
26 185 200
26 185 241
26 185 269
26 185 286
26 185 355
26 185 356
26 185 358
26 185 398
26 200 342
26 241 342
26 269 342
26 286 342
26 342 355
26 342 356
26 342 358
26 342 398
27 38 85
27 38 354
27 39 85
27 39 354
27 47 317
27 64 224
27 64 380
27 83 85
27 83 354
27 85 194
27 85 197
27 85 350
27 93 360
27 111 112
27 174 224
27 174 380
27 194 354
27 197 354
27 222 224
27 222 380
27 224 331
27 249 360
27 315 317
27 331 380
27 350 354
38 85 140
38 85 162
38 85 251
38 85 274
38 85 296
38 85 409
38 140 354
38 162 354
38 251 354
38 274 354
38 296 354
38 354 409
39 85 140
39 85 162
39 85 251
39 85 274
39 85 296
39 85 409
39 140 354
39 162 354
39 251 354
39 274 354
39 296 354
39 354 409
47 140 317
47 162 317
47 251 317
47 274 317
47 296 317
47 317 409
50 91 317
50 91 318
50 129 317
50 129 318
50 200 317
50 200 318
50 203 204
50 241 317
50 241 318
50 269 317
50 269 318
50 286 317
50 286 318
50 317 355
50 317 356
50 317 358
50 317 398
50 318 355
50 318 356
50 318 358
50 318 398
50 360 361
64 140 224
64 140 380
64 162 224
64 162 380
64 224 251
64 224 274
64 224 296
64 224 409
64 251 380
64 274 380
64 296 380
64 380 409
71 73 91
71 73 129
71 73 159
71 73 200
71 73 241
71 73 269
71 73 286
71 73 355
71 73 356
71 73 358
71 73 398
71 91 185
71 91 342
71 129 185
71 129 342
71 159 185
71 159 342
71 185 200
71 185 241
71 185 269
71 185 286
71 185 355
71 185 356
71 185 358
71 185 398
71 200 342
71 241 342
71 269 342
71 286 342
71 342 355
71 342 356
71 342 358
71 342 398
72 73 91
72 73 129
72 73 159
72 73 200
72 73 241
72 73 269
72 73 286
72 73 355
72 73 356
72 73 358
72 73 398
73 91 181
73 91 230
73 91 338
73 129 181
73 129 230
73 129 338
73 159 181
73 159 230
73 159 338
73 181 200
73 181 241
73 181 269
73 181 286
73 181 355
73 181 356
73 181 358
73 181 398
73 200 230
73 200 338
73 230 241
73 230 269
73 230 286
73 230 355
73 230 356
73 230 358
73 230 398
73 241 338
73 269 338
73 286 338
73 338 355
73 338 356
73 338 358
73 338 398
83 85 140
83 85 162
83 85 251
83 85 274
83 85 296
83 85 409
83 140 354
83 162 354
83 251 354
83 274 354
83 296 354
83 354 409
85 140 194
85 140 197
85 140 350
85 162 194
85 162 197
85 162 350
85 194 251
85 194 274
85 194 296
85 194 409
85 197 251
85 197 274
85 197 296
85 197 409
85 251 350
85 274 350
85 296 350
85 350 409
91 93 94
91 94 317
91 117 118
91 118 386
91 181 185
91 181 342
91 185 338
91 207 317
91 230 231
91 317 363
91 318 319
91 338 342
93 94 129
93 94 200
93 94 241
93 94 269
93 94 286
93 94 355
93 94 356
93 94 358
93 94 360
93 94 398
93 140 360
93 162 360
93 251 360
93 274 360
93 296 360
93 360 409
94 129 317
94 200 317
94 203 204
94 241 317
94 269 317
94 286 317
94 317 355
94 317 356
94 317 358
94 317 398
94 360 361
111 112 140
111 112 162
111 112 251
111 112 274
111 112 296
111 112 409
117 118 129
117 118 159
117 118 200
117 118 241
117 118 269
117 118 286
117 118 355
117 118 356
117 118 358
117 118 398
118 129 386
118 159 386
118 200 386
118 241 386
118 269 386
118 286 386
118 355 386
118 356 386
118 358 386
118 386 398
129 181 185
129 181 342
129 185 338
129 207 317
129 230 231
129 317 363
129 318 319
129 338 342
140 174 224
140 174 380
140 194 354
140 197 354
140 222 224
140 222 380
140 224 331
140 249 360
140 315 317
140 331 380
140 350 354
159 181 185
159 181 342
159 185 338
159 230 231
159 318 319
159 338 342
162 174 224
162 174 380
162 194 354
162 197 354
162 222 224
162 222 380
162 224 331
162 249 360
162 315 317
162 331 380
162 350 354
174 224 251
174 224 274
174 224 296
174 224 409
174 251 380
174 274 380
174 296 380
174 380 409
181 185 200
181 185 241
181 185 269
181 185 286
181 185 355
181 185 356
181 185 358
181 185 398
181 200 342
181 241 342
181 269 342
181 286 342
181 342 355
181 342 356
181 342 358
181 342 398
185 200 338
185 241 338
185 269 338
185 286 338
185 338 355
185 338 356
185 338 358
185 338 398
194 251 354
194 274 354
194 296 354
194 354 409
197 251 354
197 274 354
197 296 354
197 354 409
200 207 317
200 230 231
200 317 363
200 318 319
200 338 342
203 204 207
203 204 363
207 241 317
207 269 317
207 286 317
207 317 355
207 317 356
207 317 358
207 317 398
207 360 361
222 224 251
222 224 274
222 224 296
222 224 409
222 251 380
222 274 380
222 296 380
222 380 409
224 251 331
224 274 331
224 296 331
224 331 409
230 231 241
230 231 269
230 231 286
230 231 355
230 231 356
230 231 358
230 231 398
241 317 363
241 318 319
241 338 342
249 251 360
249 274 360
249 296 360
249 360 409
251 315 317
251 331 380
251 350 354
269 317 363
269 318 319
269 338 342
274 315 317
274 331 380
274 350 354
286 317 363
286 318 319
286 338 342
296 315 317
296 331 380
296 350 354
315 317 409
317 355 363
317 356 363
317 358 363
317 363 398
318 319 355
318 319 356
318 319 358
318 319 398
331 380 409
338 342 355
338 342 356
338 342 358
338 342 398
350 354 409
360 361 363
43042505280 108 509 34632298
8 15
8 59
8 91
8 94
8 106
8 129
8 135
8 156
8 170
8 217
8 242
8 243
8 244
8 245
8 248
8 250
8 264
8 265
8 284
8 291
8 312
8 398
8 403
8 406
8 423
15 121
15 166
15 277
26 121
26 390
29 121
29 390
59 121
59 166
59 277
91 121
91 166
91 277
94 121
94 166
94 277
106 121
106 166
106 277
121 129
121 135
121 156
121 170
121 182
121 184
121 217
121 242
121 243
121 244
121 245
121 248
121 250
121 264
121 265
121 284
121 291
121 312
121 398
121 403
121 406
121 423
129 166
129 277
135 166
135 277
156 166
156 277
166 170
166 217
166 242
166 243
166 244
166 245
166 248
166 250
166 264
166 265
166 284
166 291
166 312
166 398
166 403
166 406
166 423
170 277
182 390
184 390
217 277
242 277
243 277
244 277
245 277
248 277
250 277
264 277
265 277
277 284
277 291
277 312
277 398
277 403
277 406
277 423
8 13 14
8 14 282
8 26 230
8 26 386
8 26 388
8 29 230
8 29 386
8 29 388
8 42 45
8 45 200
8 45 311
8 95 252
8 128 285
8 182 230
8 182 386
8 182 388
8 184 230
8 184 386
8 184 388
8 252 253
8 358 360
8 373 374
13 14 121
13 14 166
13 14 277
14 121 282
14 166 282
14 277 282
15 51 211
15 51 257
15 54 322
15 97 211
15 97 257
15 207 211
15 207 257
15 211 320
15 211 365
15 230 390
15 257 320
15 257 365
15 322 323
15 386 390
15 388 390
26 166 230
26 166 386
26 166 388
26 230 277
26 233 391
26 277 386
26 277 388
28 121 185
28 185 390
29 35 144
29 35 301
29 80 144
29 80 301
29 144 192
29 144 211
29 144 236
29 144 257
29 144 303
29 144 349
29 166 230
29 166 386
29 166 388
29 192 301
29 211 411
29 230 277
29 233 391
29 236 301
29 257 411
29 277 386
29 277 388
29 301 303
29 301 349
35 142 144
35 142 301
35 144 298
35 298 301
42 45 121
42 45 166
42 45 277
45 121 200
45 121 311
45 166 200
45 166 311
45 200 277
45 277 311
51 59 211
51 59 257
51 91 211
51 91 257
51 94 211
51 94 257
51 106 211
51 106 257
51 129 211
51 129 257
51 135 211
51 135 257
51 156 211
51 156 257
51 170 211
51 170 257
51 211 217
51 211 242
51 211 243
51 211 244
51 211 245
51 211 248
51 211 250
51 211 264
51 211 265
51 211 284
51 211 291
51 211 312
51 211 398
51 211 403
51 211 406
51 211 423
51 217 257
51 242 257
51 243 257
51 244 257
51 245 257
51 248 257
51 250 257
51 257 264
51 257 265
51 257 284
51 257 291
51 257 312
51 257 398
51 257 403
51 257 406
51 257 423
54 59 322
54 91 322
54 94 322
54 106 322
54 129 322
54 135 322
54 156 322
54 170 322
54 217 322
54 242 322
54 243 322
54 244 322
54 245 322
54 248 322
54 250 322
54 264 322
54 265 322
54 284 322
54 291 322
54 312 322
54 322 398
54 322 403
54 322 406
54 322 423
59 97 211
59 97 257
59 207 211
59 207 257
59 211 320
59 211 365
59 230 390
59 257 320
59 257 365
59 322 323
59 386 390
59 388 390
80 142 144
80 142 301
80 144 298
80 298 301
91 97 211
91 97 257
91 207 211
91 207 257
91 211 320
91 211 365
91 230 390
91 257 320
91 257 365
91 322 323
91 386 390
91 388 390
94 97 211
94 97 257
94 207 211
94 207 257
94 211 320
94 211 365
94 230 390
94 257 320
94 257 365
94 322 323
94 386 390
94 388 390
95 121 252
95 166 252
95 252 277
97 106 211
97 106 257
97 129 211
97 129 257
97 135 211
97 135 257
97 156 211
97 156 257
97 170 211
97 170 257
97 211 217
97 211 242
97 211 243
97 211 244
97 211 245
97 211 248
97 211 250
97 211 264
97 211 265
97 211 284
97 211 291
97 211 312
97 211 398
97 211 403
97 211 406
97 211 423
97 217 257
97 242 257
97 243 257
97 244 257
97 245 257
97 248 257
97 250 257
97 257 264
97 257 265
97 257 284
97 257 291
97 257 312
97 257 398
97 257 403
97 257 406
97 257 423
106 207 211
106 207 257
106 211 320
106 211 365
106 230 390
106 257 320
106 257 365
106 322 323
106 386 390
106 388 390
121 128 285
121 142 187
121 187 298
121 252 253
121 358 360
121 373 374
128 166 285
128 277 285
129 207 211
129 207 257
129 211 320
129 211 365
129 230 390
129 257 320
129 257 365
129 322 323
129 386 390
129 388 390
135 207 211
135 207 257
135 211 320
135 211 365
135 230 390
135 257 320
135 257 365
135 322 323
135 386 390
135 388 390
142 144 192
142 144 211
142 144 236
142 144 257
142 144 303
142 144 349
142 187 390
142 192 301
142 211 411
142 236 301
142 257 411
142 301 303
142 301 349
144 192 298
144 211 298
144 236 298
144 257 298
144 298 303
144 298 349
156 207 211
156 207 257
156 211 320
156 211 365
156 230 390
156 257 320
156 257 365
156 322 323
156 386 390
156 388 390
166 182 230
166 182 386
166 182 388
166 184 230
166 184 386
166 184 388
166 252 253
166 358 360
166 373 374
170 207 211
170 207 257
170 211 320
170 211 365
170 230 390
170 257 320
170 257 365
170 322 323
170 386 390
170 388 390
182 230 277
182 233 391
182 277 386
182 277 388
184 230 277
184 233 391
184 277 386
184 277 388
187 298 390
192 298 301
207 211 217
207 211 242
207 211 243
207 211 244
207 211 245
207 211 248
207 211 250
207 211 264
207 211 265
207 211 284
207 211 291
207 211 312
207 211 398
207 211 403
207 211 406
207 211 423
207 217 257
207 242 257
207 243 257
207 244 257
207 245 257
207 248 257
207 250 257
207 257 264
207 257 265
207 257 284
207 257 291
207 257 312
207 257 398
207 257 403
207 257 406
207 257 423
211 217 320
211 217 365
211 242 320
211 242 365
211 243 320
211 243 365
211 244 320
211 244 365
211 245 320
211 245 365
211 248 320
211 248 365
211 250 320
211 250 365
211 264 320
211 264 365
211 265 320
211 265 365
211 284 320
211 284 365
211 291 320
211 291 365
211 298 411
211 312 320
211 312 365
211 320 398
211 320 403
211 320 406
211 320 423
211 365 398
211 365 403
211 365 406
211 365 423
217 230 390
217 257 320
217 257 365
217 322 323
217 386 390
217 388 390
230 242 390
230 243 390
230 244 390
230 245 390
230 248 390
230 250 390
230 264 390
230 265 390
230 284 390
230 291 390
230 312 390
230 390 398
230 390 403
230 390 406
230 390 423
236 298 301
242 257 320
242 257 365
242 322 323
242 386 390
242 388 390
243 257 320
243 257 365
243 322 323
243 386 390
243 388 390
244 257 320
244 257 365
244 322 323
244 386 390
244 388 390
245 257 320
245 257 365
245 322 323
245 386 390
245 388 390
248 257 320
248 257 365
248 322 323
248 386 390
248 388 390
250 257 320
250 257 365
250 322 323
250 386 390
250 388 390
252 253 277
257 264 320
257 264 365
257 265 320
257 265 365
257 284 320
257 284 365
257 291 320
257 291 365
257 298 411
257 312 320
257 312 365
257 320 398
257 320 403
257 320 406
257 320 423
257 365 398
257 365 403
257 365 406
257 365 423
264 322 323
264 386 390
264 388 390
265 322 323
265 386 390
265 388 390
277 358 360
277 373 374
284 322 323
284 386 390
284 388 390
291 322 323
291 386 390
291 388 390
298 301 303
298 301 349
312 322 323
312 386 390
312 388 390
322 323 398
322 323 403
322 323 406
322 323 423
386 390 398
386 390 403
386 390 406
386 390 423
388 390 398
388 390 403
388 390 406
388 390 423
